T01002001,1,0,18
T01003001,1,18,0
T01004001,0,0,0
T01004002,0,0,0
T01015001,0,0,0
T01015002,0,0,0
T01015003,0,0,0
T01015004,0,0,0
T01015005,0,0,0
T01015006,0,0,0
T01005001,1,13,0
T01005002,0,0,0
T01005003,0,0,0
T01005004,0,0,0
T01006001,0,0,0
T01006002,0,0,0
T01008001,0,0,0
T01008002,0,0,0
T01009001,0,0,0
T01010001,0,0,0
T01010002,0,0,0
T01009002,0,0,0
T01009003,0,0,0
T01009004,0,0,0
T01011001,0,0,0
T01011002,0,0,0
T01012001,0,0,0
T01012002,0,0,0
T01012003,0,0,0
T01012004,0,0,0
T01012005,0,0,0
T01012006,0,0,0
T01013001,0,0,0
T01013002,0,0,0
T01013003,0,0,0
T01013004,0,0,0
T01013005,1,0,13
T01013006,1,0,13
T01014001,0,0,0
T01014002,0,0,0
T01014003,0,0,0
T01014004,0,0,0
T01016002,0,0,0
T01017001,0,0,0
T01017002,0,0,0
T01017003,0,0,0
T01023001,0,0,0
T02001001,0,0,0
T02002001,0,0,0
T02002002,0,0,0
T02002003,0,0,0
T02002004,0,0,0
T02002005,0,0,0
T02002006,0,0,0
T02002007,0,0,0
T02002008,0,0,0
T02003001,0,0,0
T02003002,0,0,0
T02003003,0,0,0
T02004001,0,0,0
T02004002,0,0,0
T02004003,0,0,0
T02005001,0,0,0
T02005002,0,0,0
T02006001,0,0,0
T02007001,0,0,0
T02005002,0,0,0
T02005003,0,0,0
T02005004,0,0,0
T02008001,0,0,0
T02008002,0,0,0
T02019001,0,0,0
T02019002,0,0,0
T02010001,0,0,0
T02010002,0,0,0
T02012001,0,0,0
T02013003,0,0,0
T02013004,0,0,0
T02013005,0,0,0
T02013006,0,0,0
T02013007,0,0,0
T02013008,0,0,0
T02013009,0,0,0
T02013010,0,0,0
T02013001,0,0,0
T02013002,0,0,0
T02014001,1,13,0
T02014002,0,0,0
T02015001,0,0,0
T02015002,0,0,0
T02016001,0,0,0
T02021001,0,0,0
T02001001,0,0,0
T02017001,0,0,0
T02017002,0,0,0
T02017003,0,0,0
T02017004,0,0,0
T02017005,0,0,0
T02017006,0,0,0
T02017007,0,0,0
T02017008,0,0,0
T02017009,0,0,0
T02017010,0,0,0
T02017011,0,0,0
T02017012,0,0,0
T02017013,0,0,0
T02017014,0,0,0
T02017015,0,0,0
T02017016,0,0,0
T02017017,0,0,0
T02017018,0,0,0
T02017019,0,0,0
T02017020,0,0,0
T02017021,0,0,0
T02017022,0,0,0
T02017023,0,0,0
T02017024,0,0,0
T02017025,0,0,0
T02017026,0,0,0
T02017027,0,0,0
T02017028,0,0,0
T02017029,0,0,0
T02017030,0,0,0
T02017031,0,0,0
T02017032,0,0,0
T02017033,0,0,0
T02017034,0,0,0
T02017035,0,0,0
T02017036,0,0,0
T02017037,0,0,0
T02017038,0,0,0
T02018001,0,0,0
T01019001,0,0,0
T01019002,0,0,0
T01022001,0,0,0
T01020001,1,13,0
T01020002,0,0,0
T01020003,0,0,0
T01020004,0,0,0
